26.425792, 80.261381
26.427689, 80.259751
26.429585, 80.258121
26.431482, 80.256491
26.433378, 80.254861
26.435273, 80.253232
26.437169, 80.251603
26.439065, 80.249973
26.440961, 80.248344
26.442857, 80.246714
26.444752, 80.245085
26.446648, 80.243456
26.448544, 80.241826
26.45044, 80.240197
26.452336, 80.238567
26.454232, 80.236938
26.456128, 80.235308
26.458023, 80.233679
26.459919, 80.23205
26.461815, 80.23042
26.463711, 80.228791
26.465607, 80.227161
26.467503, 80.225532
26.469399, 80.223902
26.471294, 80.222273
26.47319, 80.220644
26.475086, 80.219014
26.476982, 80.217385
26.478878, 80.215755
26.480773, 80.214126
26.482669, 80.212497
26.484565, 80.210867
26.486461, 80.209238
26.488357, 80.207608
26.490253, 80.205979
26.492149, 80.204349
26.494044, 80.20272
26.427422, 80.263277
26.429319, 80.261647
26.431215, 80.260017
26.433112, 80.258387
26.435008, 80.256757
26.436903, 80.255128
26.438799, 80.253499
26.440695, 80.251869
26.442591, 80.25024
26.444487, 80.24861
26.446382, 80.246981
26.448278, 80.245352
26.450174, 80.243722
26.45207, 80.242093
26.453966, 80.240463
26.455862, 80.238834
26.457758, 80.237204
26.459653, 80.235575
26.461549, 80.233946
26.463445, 80.232316
26.465341, 80.230687
26.467237, 80.229057
26.469133, 80.227428
26.471029, 80.225798
26.472924, 80.224169
26.47482, 80.22254
26.476716, 80.22091
26.478612, 80.219281
26.480508, 80.217651
26.482403, 80.216022
26.484299, 80.214393
26.486195, 80.212763
26.488091, 80.211134
26.489987, 80.209504
26.491883, 80.207875
26.493779, 80.206245
26.495674, 80.204616
26.429051, 80.265173
26.430948, 80.263543
26.432844, 80.261913
26.434741, 80.260283
26.436637, 80.258653
26.438532, 80.257024
26.440428, 80.255395
26.442324, 80.253765
26.44422, 80.252136
26.446116, 80.250506
26.448011, 80.248877
26.449907, 80.247248
26.451803, 80.245618
26.453699, 80.243989
26.455595, 80.242359
26.457491, 80.24073
26.459387, 80.2391
26.461282, 80.237471
26.463178, 80.235842
26.465074, 80.234212
26.46697, 80.232583
26.468866, 80.230953
26.470762, 80.229324
26.472658, 80.227694
26.474553, 80.226065
26.476449, 80.224436
26.478345, 80.222806
26.480241, 80.221177
26.482137, 80.219547
26.484032, 80.217918
26.485928, 80.216289
26.487824, 80.214659
26.48972, 80.21303
26.491616, 80.2114
26.493512, 80.209771
26.495408, 80.208141
26.497303, 80.206512
26.430681, 80.267069
26.432578, 80.265439
26.434474, 80.263809
26.436371, 80.262179
26.438267, 80.260549
26.440162, 80.25892
26.442058, 80.257291
26.443954, 80.255661
26.44585, 80.254032
26.447746, 80.252402
26.449641, 80.250773
26.451537, 80.249144
26.453433, 80.247514
26.455329, 80.245885
26.457225, 80.244255
26.459121, 80.242626
26.461017, 80.240996
26.462912, 80.239367
26.464808, 80.237738
26.466704, 80.236108
26.4686, 80.234479
26.470496, 80.232849
26.472392, 80.23122
26.474288, 80.22959
26.476183, 80.227961
26.478079, 80.226332
26.479975, 80.224702
26.481871, 80.223073
26.483767, 80.221443
26.485662, 80.219814
26.487558, 80.218185
26.489454, 80.216555
26.49135, 80.214926
26.493246, 80.213296
26.495142, 80.211667
26.497038, 80.210037
26.498933, 80.208408
26.43231, 80.268965
26.434207, 80.267335
26.436103, 80.265705
26.438, 80.264075
26.439896, 80.262445
26.441791, 80.260816
26.443687, 80.259187
26.445583, 80.257557
26.447479, 80.255928
26.449375, 80.254298
26.45127, 80.252669
26.453166, 80.25104
26.455062, 80.24941
26.456958, 80.247781
26.458854, 80.246151
26.46075, 80.244522
26.462646, 80.242892
26.464541, 80.241263
26.466437, 80.239634
26.468333, 80.238004
26.470229, 80.236375
26.472125, 80.234745
26.474021, 80.233116
26.475917, 80.231486
26.477812, 80.229857
26.479708, 80.228228
26.481604, 80.226598
26.4835, 80.224969
26.485396, 80.223339
26.487291, 80.22171
26.489187, 80.220081
26.491083, 80.218451
26.492979, 80.216822
26.494875, 80.215192
26.496771, 80.213563
26.498667, 80.211933
26.500562, 80.210304
26.43394, 80.270861
26.435837, 80.269231
26.437733, 80.267601
26.43963, 80.265971
26.441526, 80.264341
26.443421, 80.262712
26.445317, 80.261083
26.447213, 80.259453
26.449109, 80.257824
26.451005, 80.256194
26.4529, 80.254565
26.454796, 80.252936
26.456692, 80.251306
26.458588, 80.249677
26.460484, 80.248047
26.46238, 80.246418
26.464276, 80.244788
26.466171, 80.243159
26.468067, 80.24153
26.469963, 80.2399
26.471859, 80.238271
26.473755, 80.236641
26.475651, 80.235012
26.477547, 80.233382
26.479442, 80.231753
26.481338, 80.230124
26.483234, 80.228494
26.48513, 80.226865
26.487026, 80.225235
26.488921, 80.223606
26.490817, 80.221977
26.492713, 80.220347
26.494609, 80.218718
26.496505, 80.217088
26.498401, 80.215459
26.500297, 80.213829
26.502192, 80.2122
26.435569, 80.272757
26.437466, 80.271127
26.439362, 80.269497
26.441259, 80.267867
26.443155, 80.266237
26.44505, 80.264608
26.446946, 80.262979
26.448842, 80.261349
26.450738, 80.25972
26.452634, 80.25809
26.454529, 80.256461
26.456425, 80.254832
26.458321, 80.253202
26.460217, 80.251573
26.462113, 80.249943
26.464009, 80.248314
26.465905, 80.246684
26.4678, 80.245055
26.469696, 80.243426
26.471592, 80.241796
26.473488, 80.240167
26.475384, 80.238537
26.47728, 80.236908
26.479176, 80.235278
26.481071, 80.233649
26.482967, 80.23202
26.484863, 80.23039
26.486759, 80.228761
26.488655, 80.227131
26.49055, 80.225502
26.492446, 80.223873
26.494342, 80.222243
26.496238, 80.220614
26.498134, 80.218984
26.50003, 80.217355
26.501926, 80.215725
26.503821, 80.214096
26.437199, 80.274653
26.439096, 80.273023
26.440992, 80.271393
26.442889, 80.269763
26.444785, 80.268133
26.44668, 80.266504
26.448576, 80.264875
26.450472, 80.263245
26.452368, 80.261616
26.454264, 80.259986
26.456159, 80.258357
26.458055, 80.256728
26.459951, 80.255098
26.461847, 80.253469
26.463743, 80.251839
26.465639, 80.25021
26.467535, 80.24858
26.46943, 80.246951
26.471326, 80.245322
26.473222, 80.243692
26.475118, 80.242063
26.477014, 80.240433
26.47891, 80.238804
26.480806, 80.237174
26.482701, 80.235545
26.484597, 80.233916
26.486493, 80.232286
26.488389, 80.230657
26.490285, 80.229027
26.49218, 80.227398
26.494076, 80.225769
26.495972, 80.224139
26.497868, 80.22251
26.499764, 80.22088
26.50166, 80.219251
26.503556, 80.217621
26.505451, 80.215992
26.438828, 80.276549
26.440725, 80.274919
26.442621, 80.273289
26.444518, 80.271659
26.446414, 80.270029
26.448309, 80.2684
26.450205, 80.266771
26.452101, 80.265141
26.453997, 80.263512
26.455893, 80.261882
26.457788, 80.260253
26.459684, 80.258624
26.46158, 80.256994
26.463476, 80.255365
26.465372, 80.253735
26.467268, 80.252106
26.469164, 80.250476
26.471059, 80.248847
26.472955, 80.247218
26.474851, 80.245588
26.476747, 80.243959
26.478643, 80.242329
26.480539, 80.2407
26.482435, 80.23907
26.48433, 80.237441
26.486226, 80.235812
26.488122, 80.234182
26.490018, 80.232553
26.491914, 80.230923
26.493809, 80.229294
26.495705, 80.227665
26.497601, 80.226035
26.499497, 80.224406
26.501393, 80.222776
26.503289, 80.221147
26.505185, 80.219517
26.50708, 80.217888
26.440458, 80.278445
26.442355, 80.276815
26.444251, 80.275185
26.446148, 80.273555
26.448044, 80.271925
26.449939, 80.270296
26.451835, 80.268667
26.453731, 80.267037
26.455627, 80.265408
26.457523, 80.263778
26.459418, 80.262149
26.461314, 80.26052
26.46321, 80.25889
26.465106, 80.257261
26.467002, 80.255631
26.468898, 80.254002
26.470794, 80.252372
26.472689, 80.250743
26.474585, 80.249114
26.476481, 80.247484
26.478377, 80.245855
26.480273, 80.244225
26.482169, 80.242596
26.484065, 80.240966
26.48596, 80.239337
26.487856, 80.237708
26.489752, 80.236078
26.491648, 80.234449
26.493544, 80.232819
26.495439, 80.23119
26.497335, 80.229561
26.499231, 80.227931
26.501127, 80.226302
26.503023, 80.224672
26.504919, 80.223043
26.506815, 80.221413
26.50871, 80.219784
26.442088, 80.280341
26.443985, 80.278711
26.445881, 80.277081
26.447778, 80.275451
26.449674, 80.273821
26.451569, 80.272192
26.453465, 80.270563
26.455361, 80.268933
26.457257, 80.267304
26.459153, 80.265674
26.461048, 80.264045
26.462944, 80.262416
26.46484, 80.260786
26.466736, 80.259157
26.468632, 80.257527
26.470528, 80.255898
26.472424, 80.254268
26.474319, 80.252639
26.476215, 80.25101
26.478111, 80.24938
26.480007, 80.247751
26.481903, 80.246121
26.483799, 80.244492
26.485695, 80.242862
26.48759, 80.241233
26.489486, 80.239604
26.491382, 80.237974
26.493278, 80.236345
26.495174, 80.234715
26.497069, 80.233086
26.498965, 80.231457
26.500861, 80.229827
26.502757, 80.228198
26.504653, 80.226568
26.506549, 80.224939
26.508445, 80.223309
26.51034, 80.22168
26.443717, 80.282237
26.445614, 80.280607
26.44751, 80.278977
26.449407, 80.277347
26.451303, 80.275717
26.453198, 80.274088
26.455094, 80.272459
26.45699, 80.270829
26.458886, 80.2692
26.460782, 80.26757
26.462677, 80.265941
26.464573, 80.264312
26.466469, 80.262682
26.468365, 80.261053
26.470261, 80.259423
26.472157, 80.257794
26.474053, 80.256164
26.475948, 80.254535
26.477844, 80.252906
26.47974, 80.251276
26.481636, 80.249647
26.483532, 80.248017
26.485428, 80.246388
26.487324, 80.244758
26.489219, 80.243129
26.491115, 80.2415
26.493011, 80.23987
26.494907, 80.238241
26.496803, 80.236611
26.498698, 80.234982
26.500594, 80.233353
26.50249, 80.231723
26.504386, 80.230094
26.506282, 80.228464
26.508178, 80.226835
26.510074, 80.225205
26.511969, 80.223576
26.445347, 80.284133
26.447244, 80.282503
26.44914, 80.280873
26.451037, 80.279243
26.452933, 80.277613
26.454828, 80.275984
26.456724, 80.274355
26.45862, 80.272725
26.460516, 80.271096
26.462412, 80.269466
26.464307, 80.267837
26.466203, 80.266208
26.468099, 80.264578
26.469995, 80.262949
26.471891, 80.261319
26.473787, 80.25969
26.475683, 80.25806
26.477578, 80.256431
26.479474, 80.254802
26.48137, 80.253172
26.483266, 80.251543
26.485162, 80.249913
26.487058, 80.248284
26.488954, 80.246654
26.490849, 80.245025
26.492745, 80.243396
26.494641, 80.241766
26.496537, 80.240137
26.498433, 80.238507
26.500328, 80.236878
26.502224, 80.235249
26.50412, 80.233619
26.506016, 80.23199
26.507912, 80.23036
26.509808, 80.228731
26.511704, 80.227101
26.513599, 80.225472
26.446976, 80.286029
26.448873, 80.284399
26.450769, 80.282769
26.452666, 80.281139
26.454562, 80.279509
26.456457, 80.27788
26.458353, 80.276251
26.460249, 80.274621
26.462145, 80.272992
26.464041, 80.271362
26.465936, 80.269733
26.467832, 80.268104
26.469728, 80.266474
26.471624, 80.264845
26.47352, 80.263215
26.475416, 80.261586
26.477312, 80.259956
26.479207, 80.258327
26.481103, 80.256698
26.482999, 80.255068
26.484895, 80.253439
26.486791, 80.251809
26.488687, 80.25018
26.490583, 80.24855
26.492478, 80.246921
26.494374, 80.245292
26.49627, 80.243662
26.498166, 80.242033
26.500062, 80.240403
26.501957, 80.238774
26.503853, 80.237145
26.505749, 80.235515
26.507645, 80.233886
26.509541, 80.232256
26.511437, 80.230627
26.513333, 80.228997
26.515228, 80.227368
26.448606, 80.287925
26.450503, 80.286295
26.452399, 80.284665
26.454296, 80.283035
26.456192, 80.281405
26.458087, 80.279776
26.459983, 80.278147
26.461879, 80.276517
26.463775, 80.274888
26.465671, 80.273258
26.467566, 80.271629
26.469462, 80.27
26.471358, 80.26837
26.473254, 80.266741
26.47515, 80.265111
26.477046, 80.263482
26.478942, 80.261852
26.480837, 80.260223
26.482733, 80.258594
26.484629, 80.256964
26.486525, 80.255335
26.488421, 80.253705
26.490317, 80.252076
26.492213, 80.250446
26.494108, 80.248817
26.496004, 80.247188
26.4979, 80.245558
26.499796, 80.243929
26.501692, 80.242299
26.503587, 80.24067
26.505483, 80.239041
26.507379, 80.237411
26.509275, 80.235782
26.511171, 80.234152
26.513067, 80.232523
26.514963, 80.230893
26.516858, 80.229264
26.450235, 80.289821
26.452132, 80.288191
26.454028, 80.286561
26.455925, 80.284931
26.457821, 80.283301
26.459716, 80.281672
26.461612, 80.280043
26.463508, 80.278413
26.465404, 80.276784
26.4673, 80.275154
26.469195, 80.273525
26.471091, 80.271896
26.472987, 80.270266
26.474883, 80.268637
26.476779, 80.267007
26.478675, 80.265378
26.480571, 80.263748
26.482466, 80.262119
26.484362, 80.26049
26.486258, 80.25886
26.488154, 80.257231
26.49005, 80.255601
26.491946, 80.253972
26.493842, 80.252342
26.495737, 80.250713
26.497633, 80.249084
26.499529, 80.247454
26.501425, 80.245825
26.503321, 80.244195
26.505216, 80.242566
26.507112, 80.240937
26.509008, 80.239307
26.510904, 80.237678
26.5128, 80.236048
26.514696, 80.234419
26.516592, 80.232789
26.518487, 80.23116
26.451865, 80.291717
26.453762, 80.290087
26.455658, 80.288457
26.457555, 80.286827
26.459451, 80.285197
26.461346, 80.283568
26.463242, 80.281939
26.465138, 80.280309
26.467034, 80.27868
26.46893, 80.27705
26.470825, 80.275421
26.472721, 80.273792
26.474617, 80.272162
26.476513, 80.270533
26.478409, 80.268903
26.480305, 80.267274
26.482201, 80.265644
26.484096, 80.264015
26.485992, 80.262386
26.487888, 80.260756
26.489784, 80.259127
26.49168, 80.257497
26.493576, 80.255868
26.495472, 80.254238
26.497367, 80.252609
26.499263, 80.25098
26.501159, 80.24935
26.503055, 80.247721
26.504951, 80.246091
26.506846, 80.244462
26.508742, 80.242833
26.510638, 80.241203
26.512534, 80.239574
26.51443, 80.237944
26.516326, 80.236315
26.518222, 80.234685
26.520117, 80.233056
26.453494, 80.293613
26.455391, 80.291983
26.457287, 80.290353
26.459184, 80.288723
26.46108, 80.287093
26.462975, 80.285464
26.464871, 80.283835
26.466767, 80.282205
26.468663, 80.280576
26.470559, 80.278946
26.472454, 80.277317
26.47435, 80.275688
26.476246, 80.274058
26.478142, 80.272429
26.480038, 80.270799
26.481934, 80.26917
26.48383, 80.26754
26.485725, 80.265911
26.487621, 80.264282
26.489517, 80.262652
26.491413, 80.261023
26.493309, 80.259393
26.495205, 80.257764
26.497101, 80.256134
26.498996, 80.254505
26.500892, 80.252876
26.502788, 80.251246
26.504684, 80.249617
26.50658, 80.247987
26.508475, 80.246358
26.510371, 80.244729
26.512267, 80.243099
26.514163, 80.24147
26.516059, 80.23984
26.517955, 80.238211
26.519851, 80.236581
26.521746, 80.234952
26.455124, 80.295509
26.457021, 80.293879
26.458917, 80.292249
26.460814, 80.290619
26.46271, 80.288989
26.464605, 80.28736
26.466501, 80.285731
26.468397, 80.284101
26.470293, 80.282472
26.472189, 80.280842
26.474084, 80.279213
26.47598, 80.277584
26.477876, 80.275954
26.479772, 80.274325
26.481668, 80.272695
26.483564, 80.271066
26.48546, 80.269436
26.487355, 80.267807
26.489251, 80.266178
26.491147, 80.264548
26.493043, 80.262919
26.494939, 80.261289
26.496835, 80.25966
26.498731, 80.25803
26.500626, 80.256401
26.502522, 80.254772
26.504418, 80.253142
26.506314, 80.251513
26.50821, 80.249883
26.510105, 80.248254
26.512001, 80.246625
26.513897, 80.244995
26.515793, 80.243366
26.517689, 80.241736
26.519585, 80.240107
26.521481, 80.238477
26.523376, 80.236848
26.456754, 80.297405
26.458651, 80.295775
26.460547, 80.294145
26.462444, 80.292515
26.46434, 80.290885
26.466235, 80.289256
26.468131, 80.287627
26.470027, 80.285997
26.471923, 80.284368
26.473819, 80.282738
26.475714, 80.281109
26.47761, 80.27948
26.479506, 80.27785
26.481402, 80.276221
26.483298, 80.274591
26.485194, 80.272962
26.48709, 80.271332
26.488985, 80.269703
26.490881, 80.268074
26.492777, 80.266444
26.494673, 80.264815
26.496569, 80.263185
26.498465, 80.261556
26.500361, 80.259926
26.502256, 80.258297
26.504152, 80.256668
26.506048, 80.255038
26.507944, 80.253409
26.50984, 80.251779
26.511735, 80.25015
26.513631, 80.248521
26.515527, 80.246891
26.517423, 80.245262
26.519319, 80.243632
26.521215, 80.242003
26.523111, 80.240373
26.525006, 80.238744
26.458383, 80.299301
26.46028, 80.297671
26.462176, 80.296041
26.464073, 80.294411
26.465969, 80.292781
26.467864, 80.291152
26.46976, 80.289523
26.471656, 80.287893
26.473552, 80.286264
26.475448, 80.284634
26.477343, 80.283005
26.479239, 80.281376
26.481135, 80.279746
26.483031, 80.278117
26.484927, 80.276487
26.486823, 80.274858
26.488719, 80.273228
26.490614, 80.271599
26.49251, 80.26997
26.494406, 80.26834
26.496302, 80.266711
26.498198, 80.265081
26.500094, 80.263452
26.50199, 80.261822
26.503885, 80.260193
26.505781, 80.258564
26.507677, 80.256934
26.509573, 80.255305
26.511469, 80.253675
26.513364, 80.252046
26.51526, 80.250417
26.517156, 80.248787
26.519052, 80.247158
26.520948, 80.245528
26.522844, 80.243899
26.52474, 80.242269
26.526635, 80.24064
26.460013, 80.301197
26.46191, 80.299567
26.463806, 80.297937
26.465703, 80.296307
26.467599, 80.294677
26.469494, 80.293048
26.47139, 80.291419
26.473286, 80.289789
26.475182, 80.28816
26.477078, 80.28653
26.478973, 80.284901
26.480869, 80.283272
26.482765, 80.281642
26.484661, 80.280013
26.486557, 80.278383
26.488453, 80.276754
26.490349, 80.275124
26.492244, 80.273495
26.49414, 80.271866
26.496036, 80.270236
26.497932, 80.268607
26.499828, 80.266977
26.501724, 80.265348
26.50362, 80.263718
26.505515, 80.262089
26.507411, 80.26046
26.509307, 80.25883
26.511203, 80.257201
26.513099, 80.255571
26.514994, 80.253942
26.51689, 80.252313
26.518786, 80.250683
26.520682, 80.249054
26.522578, 80.247424
26.524474, 80.245795
26.52637, 80.244165
26.528265, 80.242536
26.461642, 80.303093
26.463539, 80.301463
26.465435, 80.299833
26.467332, 80.298203
26.469228, 80.296573
26.471123, 80.294944
26.473019, 80.293315
26.474915, 80.291685
26.476811, 80.290056
26.478707, 80.288426
26.480602, 80.286797
26.482498, 80.285168
26.484394, 80.283538
26.48629, 80.281909
26.488186, 80.280279
26.490082, 80.27865
26.491978, 80.27702
26.493873, 80.275391
26.495769, 80.273762
26.497665, 80.272132
26.499561, 80.270503
26.501457, 80.268873
26.503353, 80.267244
26.505249, 80.265614
26.507144, 80.263985
26.50904, 80.262356
26.510936, 80.260726
26.512832, 80.259097
26.514728, 80.257467
26.516623, 80.255838
26.518519, 80.254209
26.520415, 80.252579
26.522311, 80.25095
26.524207, 80.24932
26.526103, 80.247691
26.527999, 80.246061
26.529894, 80.244432
26.463272, 80.304989
26.465169, 80.303359
26.467065, 80.301729
26.468962, 80.300099
26.470858, 80.298469
26.472753, 80.29684
26.474649, 80.295211
26.476545, 80.293581
26.478441, 80.291952
26.480337, 80.290322
26.482232, 80.288693
26.484128, 80.287064
26.486024, 80.285434
26.48792, 80.283805
26.489816, 80.282175
26.491712, 80.280546
26.493608, 80.278916
26.495503, 80.277287
26.497399, 80.275658
26.499295, 80.274028
26.501191, 80.272399
26.503087, 80.270769
26.504983, 80.26914
26.506879, 80.26751
26.508774, 80.265881
26.51067, 80.264252
26.512566, 80.262622
26.514462, 80.260993
26.516358, 80.259363
26.518253, 80.257734
26.520149, 80.256105
26.522045, 80.254475
26.523941, 80.252846
26.525837, 80.251216
26.527733, 80.249587
26.529629, 80.247957
26.531524, 80.246328
26.464901, 80.306885
26.466798, 80.305255
26.468694, 80.303625
26.470591, 80.301995
26.472487, 80.300365
26.474382, 80.298736
26.476278, 80.297107
26.478174, 80.295477
26.48007, 80.293848
26.481966, 80.292218
26.483861, 80.290589
26.485757, 80.28896
26.487653, 80.28733
26.489549, 80.285701
26.491445, 80.284071
26.493341, 80.282442
26.495237, 80.280812
26.497132, 80.279183
26.499028, 80.277554
26.500924, 80.275924
26.50282, 80.274295
26.504716, 80.272665
26.506612, 80.271036
26.508508, 80.269406
26.510403, 80.267777
26.512299, 80.266148
26.514195, 80.264518
26.516091, 80.262889
26.517987, 80.261259
26.519882, 80.25963
26.521778, 80.258001
26.523674, 80.256371
26.52557, 80.254742
26.527466, 80.253112
26.529362, 80.251483
26.531258, 80.249853
26.533153, 80.248224
26.466531, 80.308781
26.468428, 80.307151
26.470324, 80.305521
26.472221, 80.303891
26.474117, 80.302261
26.476012, 80.300632
26.477908, 80.299003
26.479804, 80.297373
26.4817, 80.295744
26.483596, 80.294114
26.485491, 80.292485
26.487387, 80.290856
26.489283, 80.289226
26.491179, 80.287597
26.493075, 80.285967
26.494971, 80.284338
26.496867, 80.282708
26.498762, 80.281079
26.500658, 80.27945
26.502554, 80.27782
26.50445, 80.276191
26.506346, 80.274561
26.508242, 80.272932
26.510138, 80.271302
26.512033, 80.269673
26.513929, 80.268044
26.515825, 80.266414
26.517721, 80.264785
26.519617, 80.263155
26.521512, 80.261526
26.523408, 80.259897
26.525304, 80.258267
26.5272, 80.256638
26.529096, 80.255008
26.530992, 80.253379
26.532888, 80.251749
26.534783, 80.25012
26.46816, 80.310677
26.470057, 80.309047
26.471953, 80.307417
26.47385, 80.305787
26.475746, 80.304157
26.477641, 80.302528
26.479537, 80.300899
26.481433, 80.299269
26.483329, 80.29764
26.485225, 80.29601
26.48712, 80.294381
26.489016, 80.292752
26.490912, 80.291122
26.492808, 80.289493
26.494704, 80.287863
26.4966, 80.286234
26.498496, 80.284604
26.500391, 80.282975
26.502287, 80.281346
26.504183, 80.279716
26.506079, 80.278087
26.507975, 80.276457
26.509871, 80.274828
26.511767, 80.273198
26.513662, 80.271569
26.515558, 80.26994
26.517454, 80.26831
26.51935, 80.266681
26.521246, 80.265051
26.523141, 80.263422
26.525037, 80.261793
26.526933, 80.260163
26.528829, 80.258534
26.530725, 80.256904
26.532621, 80.255275
26.534517, 80.253645
26.536412, 80.252016
26.46979, 80.312573
26.471687, 80.310943
26.473583, 80.309313
26.47548, 80.307683
26.477376, 80.306053
26.479271, 80.304424
26.481167, 80.302795
26.483063, 80.301165
26.484959, 80.299536
26.486855, 80.297906
26.48875, 80.296277
26.490646, 80.294648
26.492542, 80.293018
26.494438, 80.291389
26.496334, 80.289759
26.49823, 80.28813
26.500126, 80.2865
26.502021, 80.284871
26.503917, 80.283242
26.505813, 80.281612
26.507709, 80.279983
26.509605, 80.278353
26.511501, 80.276724
26.513397, 80.275094
26.515292, 80.273465
26.517188, 80.271836
26.519084, 80.270206
26.52098, 80.268577
26.522876, 80.266947
26.524771, 80.265318
26.526667, 80.263689
26.528563, 80.262059
26.530459, 80.26043
26.532355, 80.2588
26.534251, 80.257171
26.536147, 80.255541
26.538042, 80.253912
26.47142, 80.314469
26.473317, 80.312839
26.475213, 80.311209
26.47711, 80.309579
26.479006, 80.307949
26.480901, 80.30632
26.482797, 80.304691
26.484693, 80.303061
26.486589, 80.301432
26.488485, 80.299802
26.49038, 80.298173
26.492276, 80.296544
26.494172, 80.294914
26.496068, 80.293285
26.497964, 80.291655
26.49986, 80.290026
26.501756, 80.288396
26.503651, 80.286767
26.505547, 80.285138
26.507443, 80.283508
26.509339, 80.281879
26.511235, 80.280249
26.513131, 80.27862
26.515027, 80.27699
26.516922, 80.275361
26.518818, 80.273732
26.520714, 80.272102
26.52261, 80.270473
26.524506, 80.268843
26.526401, 80.267214
26.528297, 80.265585
26.530193, 80.263955
26.532089, 80.262326
26.533985, 80.260696
26.535881, 80.259067
26.537777, 80.257437
26.539672, 80.255808
26.473049, 80.316365
26.474946, 80.314735
26.476842, 80.313105
26.478739, 80.311475
26.480635, 80.309845
26.48253, 80.308216
26.484426, 80.306587
26.486322, 80.304957
26.488218, 80.303328
26.490114, 80.301698
26.492009, 80.300069
26.493905, 80.29844
26.495801, 80.29681
26.497697, 80.295181
26.499593, 80.293551
26.501489, 80.291922
26.503385, 80.290292
26.50528, 80.288663
26.507176, 80.287034
26.509072, 80.285404
26.510968, 80.283775
26.512864, 80.282145
26.51476, 80.280516
26.516656, 80.278886
26.518551, 80.277257
26.520447, 80.275628
26.522343, 80.273998
26.524239, 80.272369
26.526135, 80.270739
26.52803, 80.26911
26.529926, 80.267481
26.531822, 80.265851
26.533718, 80.264222
26.535614, 80.262592
26.53751, 80.260963
26.539406, 80.259333
26.541301, 80.257704
26.474679, 80.318261
26.476576, 80.316631
26.478472, 80.315001
26.480369, 80.313371
26.482265, 80.311741
26.48416, 80.310112
26.486056, 80.308483
26.487952, 80.306853
26.489848, 80.305224
26.491744, 80.303594
26.493639, 80.301965
26.495535, 80.300336
26.497431, 80.298706
26.499327, 80.297077
26.501223, 80.295447
26.503119, 80.293818
26.505015, 80.292188
26.50691, 80.290559
26.508806, 80.28893
26.510702, 80.2873
26.512598, 80.285671
26.514494, 80.284041
26.51639, 80.282412
26.518286, 80.280782
26.520181, 80.279153
26.522077, 80.277524
26.523973, 80.275894
26.525869, 80.274265
26.527765, 80.272635
26.52966, 80.271006
26.531556, 80.269377
26.533452, 80.267747
26.535348, 80.266118
26.537244, 80.264488
26.53914, 80.262859
26.541036, 80.261229
26.542931, 80.2596
26.476308, 80.320157
26.478205, 80.318527
26.480101, 80.316897
26.481998, 80.315267
26.483894, 80.313637
26.485789, 80.312008
26.487685, 80.310379
26.489581, 80.308749
26.491477, 80.30712
26.493373, 80.30549
26.495268, 80.303861
26.497164, 80.302232
26.49906, 80.300602
26.500956, 80.298973
26.502852, 80.297343
26.504748, 80.295714
26.506644, 80.294084
26.508539, 80.292455
26.510435, 80.290826
26.512331, 80.289196
26.514227, 80.287567
26.516123, 80.285937
26.518019, 80.284308
26.519915, 80.282678
26.52181, 80.281049
26.523706, 80.27942
26.525602, 80.27779
26.527498, 80.276161
26.529394, 80.274531
26.531289, 80.272902
26.533185, 80.271273
26.535081, 80.269643
26.536977, 80.268014
26.538873, 80.266384
26.540769, 80.264755
26.542665, 80.263125
26.54456, 80.261496
26.477938, 80.322053
26.479835, 80.320423
26.481731, 80.318793
26.483628, 80.317163
26.485524, 80.315533
26.487419, 80.313904
26.489315, 80.312275
26.491211, 80.310645
26.493107, 80.309016
26.495003, 80.307386
26.496898, 80.305757
26.498794, 80.304128
26.50069, 80.302498
26.502586, 80.300869
26.504482, 80.299239
26.506378, 80.29761
26.508274, 80.29598
26.510169, 80.294351
26.512065, 80.292722
26.513961, 80.291092
26.515857, 80.289463
26.517753, 80.287833
26.519649, 80.286204
26.521545, 80.284574
26.52344, 80.282945
26.525336, 80.281316
26.527232, 80.279686
26.529128, 80.278057
26.531024, 80.276427
26.532919, 80.274798
26.534815, 80.273169
26.536711, 80.271539
26.538607, 80.26991
26.540503, 80.26828
26.542399, 80.266651
26.544295, 80.265021
26.54619, 80.263392
26.479567, 80.323949
26.481464, 80.322319
26.48336, 80.320689
26.485257, 80.319059
26.487153, 80.317429
26.489048, 80.3158
26.490944, 80.314171
26.49284, 80.312541
26.494736, 80.310912
26.496632, 80.309282
26.498527, 80.307653
26.500423, 80.306024
26.502319, 80.304394
26.504215, 80.302765
26.506111, 80.301135
26.508007, 80.299506
26.509903, 80.297876
26.511798, 80.296247
26.513694, 80.294618
26.51559, 80.292988
26.517486, 80.291359
26.519382, 80.289729
26.521278, 80.2881
26.523174, 80.28647
26.525069, 80.284841
26.526965, 80.283212
26.528861, 80.281582
26.530757, 80.279953
26.532653, 80.278323
26.534548, 80.276694
26.536444, 80.275065
26.53834, 80.273435
26.540236, 80.271806
26.542132, 80.270176
26.544028, 80.268547
26.545924, 80.266917
26.547819, 80.265288
26.481197, 80.325845
26.483094, 80.324215
26.48499, 80.322585
26.486887, 80.320955
26.488783, 80.319325
26.490678, 80.317696
26.492574, 80.316067
26.49447, 80.314437
26.496366, 80.312808
26.498262, 80.311178
26.500157, 80.309549
26.502053, 80.30792
26.503949, 80.30629
26.505845, 80.304661
26.507741, 80.303031
26.509637, 80.301402
26.511533, 80.299772
26.513428, 80.298143
26.515324, 80.296514
26.51722, 80.294884
26.519116, 80.293255
26.521012, 80.291625
26.522908, 80.289996
26.524804, 80.288366
26.526699, 80.286737
26.528595, 80.285108
26.530491, 80.283478
26.532387, 80.281849
26.534283, 80.280219
26.536178, 80.27859
26.538074, 80.276961
26.53997, 80.275331
26.541866, 80.273702
26.543762, 80.272072
26.545658, 80.270443
26.547554, 80.268813
26.549449, 80.267184
26.482827, 80.327741
26.484724, 80.326111
26.48662, 80.324481
26.488517, 80.322851
26.490413, 80.321221
26.492308, 80.319592
26.494204, 80.317963
26.4961, 80.316333
26.497996, 80.314704
26.499892, 80.313074
26.501787, 80.311445
26.503683, 80.309816
26.505579, 80.308186
26.507475, 80.306557
26.509371, 80.304927
26.511267, 80.303298
26.513163, 80.301668
26.515058, 80.300039
26.516954, 80.29841
26.51885, 80.29678
26.520746, 80.295151
26.522642, 80.293521
26.524538, 80.291892
26.526434, 80.290262
26.528329, 80.288633
26.530225, 80.287004
26.532121, 80.285374
26.534017, 80.283745
26.535913, 80.282115
26.537808, 80.280486
26.539704, 80.278857
26.5416, 80.277227
26.543496, 80.275598
26.545392, 80.273968
26.547288, 80.272339
26.549184, 80.270709
26.551079, 80.26908
26.484456, 80.329637
26.486353, 80.328007
26.488249, 80.326377
26.490146, 80.324747
26.492042, 80.323117
26.493937, 80.321488
26.495833, 80.319859
26.497729, 80.318229
26.499625, 80.3166
26.501521, 80.31497
26.503416, 80.313341
26.505312, 80.311712
26.507208, 80.310082
26.509104, 80.308453
26.511, 80.306823
26.512896, 80.305194
26.514792, 80.303564
26.516687, 80.301935
26.518583, 80.300306
26.520479, 80.298676
26.522375, 80.297047
26.524271, 80.295417
26.526167, 80.293788
26.528063, 80.292158
26.529958, 80.290529
26.531854, 80.2889
26.53375, 80.28727
26.535646, 80.285641
26.537542, 80.284011
26.539437, 80.282382
26.541333, 80.280753
26.543229, 80.279123
26.545125, 80.277494
26.547021, 80.275864
26.548917, 80.274235
26.550813, 80.272605
26.552708, 80.270976
26.486086, 80.331533
26.487983, 80.329903
26.489879, 80.328273
26.491776, 80.326643
26.493672, 80.325013
26.495567, 80.323384
26.497463, 80.321755
26.499359, 80.320125
26.501255, 80.318496
26.503151, 80.316866
26.505046, 80.315237
26.506942, 80.313608
26.508838, 80.311978
26.510734, 80.310349
26.51263, 80.308719
26.514526, 80.30709
26.516422, 80.30546
26.518317, 80.303831
26.520213, 80.302202
26.522109, 80.300572
26.524005, 80.298943
26.525901, 80.297313
26.527797, 80.295684
26.529693, 80.294054
26.531588, 80.292425
26.533484, 80.290796
26.53538, 80.289166
26.537276, 80.287537
26.539172, 80.285907
26.541067, 80.284278
26.542963, 80.282649
26.544859, 80.281019
26.546755, 80.27939
26.548651, 80.27776
26.550547, 80.276131
26.552443, 80.274501
26.554338, 80.272872
26.487715, 80.333429
26.489612, 80.331799
26.491508, 80.330169
26.493405, 80.328539
26.495301, 80.326909
26.497196, 80.32528
26.499092, 80.323651
26.500988, 80.322021
26.502884, 80.320392
26.50478, 80.318762
26.506675, 80.317133
26.508571, 80.315504
26.510467, 80.313874
26.512363, 80.312245
26.514259, 80.310615
26.516155, 80.308986
26.518051, 80.307356
26.519946, 80.305727
26.521842, 80.304098
26.523738, 80.302468
26.525634, 80.300839
26.52753, 80.299209
26.529426, 80.29758
26.531322, 80.29595
26.533217, 80.294321
26.535113, 80.292692
26.537009, 80.291062
26.538905, 80.289433
26.540801, 80.287803
26.542696, 80.286174
26.544592, 80.284545
26.546488, 80.282915
26.548384, 80.281286
26.55028, 80.279656
26.552176, 80.278027
26.554072, 80.276397
26.555967, 80.274768
26.489345, 80.335325
26.491242, 80.333695
26.493138, 80.332065
26.495035, 80.330435
26.496931, 80.328805
26.498826, 80.327176
26.500722, 80.325547
26.502618, 80.323917
26.504514, 80.322288
26.50641, 80.320658
26.508305, 80.319029
26.510201, 80.3174
26.512097, 80.31577
26.513993, 80.314141
26.515889, 80.312511
26.517785, 80.310882
26.519681, 80.309252
26.521576, 80.307623
26.523472, 80.305994
26.525368, 80.304364
26.527264, 80.302735
26.52916, 80.301105
26.531056, 80.299476
26.532952, 80.297846
26.534847, 80.296217
26.536743, 80.294588
26.538639, 80.292958
26.540535, 80.291329
26.542431, 80.289699
26.544326, 80.28807
26.546222, 80.286441
26.548118, 80.284811
26.550014, 80.283182
26.55191, 80.281552
26.553806, 80.279923
26.555702, 80.278293
26.557597, 80.276664
26.490974, 80.337221
26.492871, 80.335591
26.494767, 80.333961
26.496664, 80.332331
26.49856, 80.330701
26.500455, 80.329072
26.502351, 80.327443
26.504247, 80.325813
26.506143, 80.324184
26.508039, 80.322554
26.509934, 80.320925
26.51183, 80.319296
26.513726, 80.317666
26.515622, 80.316037
26.517518, 80.314407
26.519414, 80.312778
26.52131, 80.311148
26.523205, 80.309519
26.525101, 80.30789
26.526997, 80.30626
26.528893, 80.304631
26.530789, 80.303001
26.532685, 80.301372
26.534581, 80.299742
26.536476, 80.298113
26.538372, 80.296484
26.540268, 80.294854
26.542164, 80.293225
26.54406, 80.291595
26.545955, 80.289966
26.547851, 80.288337
26.549747, 80.286707
26.551643, 80.285078
26.553539, 80.283448
26.555435, 80.281819
26.557331, 80.280189
26.559226, 80.27856
26.492604, 80.339117
26.494501, 80.337487
26.496397, 80.335857
26.498294, 80.334227
26.50019, 80.332597
26.502085, 80.330968
26.503981, 80.329339
26.505877, 80.327709
26.507773, 80.32608
26.509669, 80.32445
26.511564, 80.322821
26.51346, 80.321192
26.515356, 80.319562
26.517252, 80.317933
26.519148, 80.316303
26.521044, 80.314674
26.52294, 80.313044
26.524835, 80.311415
26.526731, 80.309786
26.528627, 80.308156
26.530523, 80.306527
26.532419, 80.304897
26.534315, 80.303268
26.536211, 80.301638
26.538106, 80.300009
26.540002, 80.29838
26.541898, 80.29675
26.543794, 80.295121
26.54569, 80.293491
26.547585, 80.291862
26.549481, 80.290233
26.551377, 80.288603
26.553273, 80.286974
26.555169, 80.285344
26.557065, 80.283715
26.558961, 80.282085
26.560856, 80.280456
26.494233, 80.341013
26.49613, 80.339383
26.498026, 80.337753
26.499923, 80.336123
26.501819, 80.334493
26.503714, 80.332864
26.50561, 80.331235
26.507506, 80.329605
26.509402, 80.327976
26.511298, 80.326346
26.513193, 80.324717
26.515089, 80.323088
26.516985, 80.321458
26.518881, 80.319829
26.520777, 80.318199
26.522673, 80.31657
26.524569, 80.31494
26.526464, 80.313311
26.52836, 80.311682
26.530256, 80.310052
26.532152, 80.308423
26.534048, 80.306793
26.535944, 80.305164
26.53784, 80.303534
26.539735, 80.301905
26.541631, 80.300276
26.543527, 80.298646
26.545423, 80.297017
26.547319, 80.295387
26.549214, 80.293758
26.55111, 80.292129
26.553006, 80.290499
26.554902, 80.28887
26.556798, 80.28724
26.558694, 80.285611
26.56059, 80.283981
26.562485, 80.282352
26.495863, 80.342909
26.49776, 80.341279
26.499656, 80.339649
26.501553, 80.338019
26.503449, 80.336389
26.505344, 80.33476
26.50724, 80.333131
26.509136, 80.331501
26.511032, 80.329872
26.512928, 80.328242
26.514823, 80.326613
26.516719, 80.324984
26.518615, 80.323354
26.520511, 80.321725
26.522407, 80.320095
26.524303, 80.318466
26.526199, 80.316836
26.528094, 80.315207
26.52999, 80.313578
26.531886, 80.311948
26.533782, 80.310319
26.535678, 80.308689
26.537574, 80.30706
26.53947, 80.30543
26.541365, 80.303801
26.543261, 80.302172
26.545157, 80.300542
26.547053, 80.298913
26.548949, 80.297283
26.550844, 80.295654
26.55274, 80.294025
26.554636, 80.292395
26.556532, 80.290766
26.558428, 80.289136
26.560324, 80.287507
26.56222, 80.285877
26.564115, 80.284248
26.49593, 80.342987
26.497827, 80.341357
26.499723, 80.339727
26.50162, 80.338097
26.503516, 80.336467
26.505411, 80.334838
26.507307, 80.333209
26.509203, 80.331579
26.511099, 80.32995
26.512995, 80.32832
26.51489, 80.326691
26.516786, 80.325062
26.518682, 80.323432
26.520578, 80.321803
26.522474, 80.320173
26.52437, 80.318544
26.526266, 80.316914
26.528161, 80.315285
26.530057, 80.313656
26.531953, 80.312026
26.533849, 80.310397
26.535745, 80.308767
26.537641, 80.307138
26.539537, 80.305508
26.541432, 80.303879
26.543328, 80.30225
26.545224, 80.30062
26.54712, 80.298991
26.549016, 80.297361
26.550911, 80.295732
26.552807, 80.294103
26.554703, 80.292473
26.556599, 80.290844
26.558495, 80.289214
26.560391, 80.287585
26.562287, 80.285955
26.564182, 80.284326
